ENSG00000129824.16 10669.2815973199 8.77417119525778 0.144504868650587 60.718862119959 0 0
ENSG00000289575.1 730.38169326936 -3.6976127118056 0.126280836710882 -29.2808695928363 1.8174723354581e-188 1.79557179381583e-184
ENSG00000108439.11 604.100081006667 4.15731626645636 0.142661021814317 29.1412203108106 1.07933763048753e-186 7.10887741360102e-183
ENSG00000253846.3 495.959677325584 -4.48037716026267 0.198010007011747 -22.6270238958018 2.34933023100396e-113 1.16051040086018e-109
ENSG00000250616.4 524.491795874786 2.42062901872324 0.117648132489429 20.5751588869525 4.58226269715556e-94 1.81081857266193e-90
ENSG00000251129.3 1300.09121769754 1.71515040757895 0.100639264079054 17.0425571299058 3.96987873030112e-65 1.30734723053367e-61
ENSG00000289456.1 383.183773957322 2.13429844634616 0.144471694679724 14.773125289889 2.18348550063485e-49 5.97447930894874e-46
ENSG00000286339.1 906.115460919374 1.71673271539323 0.116260787166265 14.7662230510974 2.41893994997672e-49 5.97447930894874e-46
ENSG00000282914.1 120.930903531825 -3.75850839617194 0.264027666794138 -14.235282392214 5.53389352692963e-46 1.21493557998447e-42
ENSG00000291093.1 152.683567254623 -2.88188096641017 0.204975616845524 -14.0596282170578 6.7238517683992e-45 1.328565870918e-41
